11111111111111111111111111111111111111111111111
10002000000000000000000100000000000000000000001
10000000000000000000000100000000000000000000001
10000011111110000000000100000000000000000000001
10000000000000000000000100000000000000000000001
10000000000000000000000100000000000001111111111
10000300000000000000000100000000000000000000001
10000000000000000000000100000000000000000000001
10000001000000000000000000000000000000000000001
10000000110000000000000000000000000000000000001
10000000010000000000040000000000000000000000001
10000000010000000000000000000000000000000000001
10000000010000000000000000000000000000000000001
11111111111111111111111111111111111111111111111